,0,1,2,3,4,5,6,7,8,9,10,11,12,13,14,15,16,17,18,19,20,21,22,23,24,25,26,27,28,29,30,31,32,33,34,35,36,37,38,39,40,41,42,43,44,45,46,47,48,49,50,51,52,53,54,55,56,57,58,59,60,61,62,63,64,65,66,67,68,69,70,71,72,73,74,75,76,77,78,79,80,81,82,83,84,85,86,87,88,89,90,91,92,93,94,95,96,97,98,99
0,-2.220446049250313e-16,0.8713221359710195,0.88262609489114,0.7538916804148089,0.8310423125377129,0.8831583612535918,0.6964208811368322,0.798387804050228,0.792393710024585,0.7940295545929397,0.8125063474428197,0.5056482807554286,0.8299830138729493,0.882415748840992,0.8327185883208942,0.7085949125803759,0.8624883397679747,0.7817565701251064,0.8351340085603455,0.8255143813566326,0.7058175662676089,0.772604717638756,0.7987703750727602,0.6316055933783954,0.851796086010739,0.8858613834088745,0.912460020556128,0.8239283725088041,0.7075623538999986,0.9026383848267878,0.6048271483340395,0.7475354598633335,0.8443018998645294,0.8478684897121889,0.6326896484665252,0.7885174621853565,0.7198035766833932,0.8630886702234215,0.8655600547831287,0.8878524791819347,0.7732838398062828,0.7692428308945877,0.7386489443325936,0.9063628351241011,0.7229743820636028,0.7757563447649993,0.6887963436674387,0.7233248179473026,0.9270884708761826,0.7969278311198444,0.5792369867040403,0.7920454869707695,0.8729406920728218,0.8518677344612707,0.8377693618911076,0.8097271364429699,0.8451433466490504,0.8183422787476875,0.7838578760475737,0.598065467869515,0.7970583478805714,0.8571783342458367,0.8669392000397885,0.7706105895402618,0.7134474669754481,0.7201895865501833,0.7328307287968532,0.8675020357566876,0.7797555942042176,0.8796443840805951,0.7475136284353492,0.7693879575293199,0.8133346185998327,0.8564800101975569,0.7096204966497794,0.8319568361639088,0.853441275202415,0.607473969292718,0.700591502385409,0.7621315402986699,0.8735878678407131,0.9353429884869445,0.8352666709944847,0.8188890773841846,0.8744139560480964,0.850812448953221,0.828653444127512,0.7844786474533829,0.8119069560095474,0.8168838139925226,0.7912654997764539,0.859196986634023,0.8006499888217283,0.8720721894722613,0.7415935497459651,0.7028573956855042,0.8631947514333888,0.7562995802171519,0.8812170545671437,0.8719500995567274
1,0.8713221359710195,0.0,0.7720318660919452,0.8775291457850216,0.8232513322981575,0.8262412884544396,0.8245597773690921,0.7422230563280554,0.8822797114229984,0.8303531591817624,0.7733948573628706,0.7193203196192852,0.8361857627990499,0.8604064771372194,0.8426002996470904,0.8086272781766872,0.8129112719763614,0.8158138820420479,0.7933884559276495,0.9122227979986944,0.8423981796523791,0.7796183989871218,0.7888564699675373,0.8367860403138037,0.8231658306248306,0.8678025140447579,0.8996125336928049,0.8576066438358914,0.8487319899895738,0.8853126565656607,0.8224877740327201,0.888965707007206,0.8441974195052799,0.9098924318649357,0.8791404086869962,0.8070838446883514,0.8850797626813136,0.8102871333862893,0.8717439026764611,0.8983419992715226,0.8653745719377981,0.884103330327867,0.8436043942763882,0.7915113512438026,0.8226212850145688,0.8561376699580918,0.8391207451911069,0.8251898696271921,0.9637112434295726,0.8622018520085962,0.8955545807487202,0.9041826508441801,0.79259365165696,0.9060462074360508,0.8739408689620187,0.8665463360413872,0.8375060236172737,0.8942296901092426,0.8753663636467225,0.756332406273815,0.8764120812402916,0.6821120313326872,0.8616201591061463,0.8682465202139472,0.776769401715034,0.9167664822150388,0.7281762929120343,0.8983692595905703,0.7152012317569376,0.7094129556689368,0.7395007278886649,0.8358198882961548,0.7436672063870287,0.7488873253443198,0.8387981000734519,0.9032568094883946,0.5746754049280507,0.8578304218933885,0.9015861491644713,0.8499441176277528,0.9143980369243224,0.8277812170753203,0.7552908970338523,0.8110620623906297,0.8460053360761103,0.8589691783890513,0.7949541038992293,0.8275024326525896,0.8789904600715953,0.8303561073133269,0.8014770896487051,0.8409407558492672,0.8434574117996207,0.8687240270281639,0.8444867021836548,0.8798915571947146,0.9081402822814025,0.8091645655723856,0.836998278603707,0.8921115148384289
2,0.88262609489114,0.7720318660919452,-2.220446049250313e-16,0.8442108603369006,0.7916849100837153,0.8742423571922829,0.6021055563274675,0.778088417530461,0.7754770809647291,0.9066933604243574,0.5434963671086805,0.7266735780769856,0.8530132784764257,0.8232597075009327,0.8909107132513794,0.9010867610222495,0.7948757998914284,0.9242708033010697,0.8524761866519754,0.8040040736806116,0.8464214742420154,0.8835299631357882,0.8943397499124344,0.849314111509943,0.694776041875976,0.8170785723270778,0.901365608036853,0.8152423985182505,0.8024492096013779,0.8053651790644403,0.8340591844005322,0.7399129854892698,0.7742103637867485,0.7262670086984231,0.8587716060065115,0.8615804792825641,0.8431015444633381,0.7951182028939101,0.8504905752056258,0.8706783694547712,0.8787878651546467,0.8882784782285498,0.7132650349581122,0.7332376584729193,0.701481146298529,0.8992579767620253,0.8556509475608879,0.5645283027254009,0.8248924892344959,0.6857397705973537,0.7607865695702004,0.8574778711057521,0.6600773631265584,0.7657930657758083,0.8189396207759719,0.8286720955580887,0.6832261808232231,0.7839356974749138,0.6278697487129454,0.8596560773001664,0.949091546770432,0.6916626446536116,0.7193198901939352,0.8001167004214425,0.9149601484846984,0.7977302880316592,0.8420862308044821,0.9384969404848166,0.7711859841830693,0.8050513504131512,0.8437300617503405,0.8653523455073456,0.7379554453101701,0.839059401558646,0.8330954622650326,0.8990859314947924,0.8051048816823015,0.6291861548149151,0.7874570852587591,0.8065073637418055,0.9259583499237836,0.8354731905200028,0.821907234342966,0.8030709214491606,0.8668896398401158,0.846899499321807,0.799096342913385,0.8351290711172299,0.7601389507993168,0.8546542458731988,0.8551872811603131,0.9170537366823261,0.8296312756963656,0.8821482785929654,0.8766933279003176,0.9294603233452253,0.8694630896914572,0.8092338586492053,0.8531234821474272,0.7582118782110501
3,0.7538916804148089,0.8775291457850216,0.8442108603369006,0.0,0.8309274317025648,0.835164750697541,0.7141865691771125,0.725364610401843,0.8416368634542016,0.808666049892653,0.8171342431320889,0.601554102148237,0.8406474705631324,0.7008280377245043,0.9177479445834251,0.6505525183122816,0.8478646812670836,0.9157272197696592,0.7821760121166903,0.9645514710024743,0.7653793586345297,0.793367863867063,0.8019844176404981,0.8816878452094533,0.8191628539893331,0.7169667419349006,0.9297267317046518,0.871573030410393,0.7700297472910985,0.8920758234167208,0.825257072754091,0.8711133663643277,0.700398808295352,0.8634775754619365,0.8003886616955753,0.660400736077394,0.8285125635194825,0.8969899525478644,0.8448534430154935,0.5882310325822093,0.8030096270240936,0.7792656655184167,0.7612571055998215,0.7596916921341288,0.7883312725971903,0.8051864597874963,0.857659698345731,0.7862237666599013,0.8485085196698201,0.8652831306985805,0.7956149854884809,0.6815339390874069,0.7861055272161945,0.8696391422699702,0.7323729546864102,0.8082491389543792,0.8250416268611445,0.8180010257149709,0.8337046599551569,0.7592347758610221,0.9091159444902855,0.7638840537914029,0.7550025691989827,0.8087289180702579,0.8592198373806104,0.746546948955837,0.8537163062320978,0.9271868016295642,0.6694409569411967,0.9080169876129295,0.7113094841895604,0.6905297633849428,0.8142840824104731,0.7697185921306904,0.6993764446477551,0.7257206163454164,0.7933288768353152,0.7368528238085206,0.7577338789851009,0.7228029667673892,0.7432126195585875,0.8350055402951239,0.728335227795421,0.7904900365514226,0.8360345038858846,0.8197511628929474,0.7795941698732893,0.7776091582705955,0.7827601307475458,0.8704927259736678,0.8269687440413964,0.9440202134404111,0.7892350687832898,0.7624464017459717,0.715781397238993,0.860002878675673,0.8102258883968896,0.8229191942653418,0.8676767274324867,0.8727006578678892
4,0.8310423125377129,0.8232513322981575,0.7916849100837153,0.8309274317025648,1.1102230246251565e-16,0.7350019213634477,0.697182422066809,0.8122569662871342,0.7876684377999696,0.9174705745000435,0.7563302730668336,0.8045153899679799,0.8246050638385378,0.668905547775308,0.8229538280056241,0.8141173438270592,0.8350986182426827,0.843354122662087,0.6472382357113095,0.8382061517268851,0.788356132238778,0.8466308244697711,0.8118397591068091,0.7030124505808811,0.758019034457903,0.7076316522327657,0.9416304729278809,0.803100771625741,0.8159992474697959,0.7730669406700634,0.7780715101904668,0.8287760835185237,0.8875683431142155,0.8295433374655234,0.7538867689979023,0.6911302848893393,0.7711436882612348,0.8249667756488658,0.7633120202216107,0.8951785437586626,0.8063172330342723,0.8314730320656268,0.7995061207488601,0.8077842674489242,0.7794575363803214,0.774956045629411,0.9083300165836903,0.763310250354877,0.8288545508855223,0.7525265867255442,0.7504334323526994,0.8007583658850261,0.8364253194980142,0.7998045089977222,0.84104871588933,0.7991678260833399,0.8024619430768537,0.8563482541136703,0.7030586451318445,0.8232531103992212,0.8931132363380158,0.683906764341927,0.7859407543800789,0.7840984689745484,0.9009906346010969,0.8130768711043226,0.81274681186627,0.9342229653189525,0.8361926530219623,0.9154949835098148,0.8544588147755218,0.8101456714679792,0.791002840947156,0.7412307656148018,0.7539776622067622,0.7845452915411388,0.7544809298749791,0.7036957929283187,0.8637739947234333,0.803946370202278,0.9114373845461752,0.814654861541362,0.8690845145562383,0.7135584784333837,0.8114111436024465,0.8474030225770048,0.8093495925678647,0.7351846127015269,0.6521177447586399,0.816591479470489,0.7111693793738192,0.8077316724348567,0.7876964546454468,0.8187023451175499,0.6874449437863397,0.7226672583485951,0.7665864251379957,0.7068956722398154,0.7464332999036394,0.8079600647274039
5,0.8831583612535918,0.8262412884544396,0.8742423571922829,0.835164750697541,0.7350019213634477,-4.440892098500626e-16,0.784164757388351,0.8297889929509519,0.6850101659462948,0.7435159660587087,0.8313927291820674,0.812870639698576,0.8072108934747348,0.7498921513617277,0.8954803666595147,0.9148459731865206,0.8436470815022816,0.9018838288800762,0.8075836405755816,0.7717634327308744,0.7701125417696872,0.7990436547751062,0.7043312261392148,0.8492898312704567,0.8266870230969671,0.8031178296653558,0.9492910026429006,0.878693994565648,0.802450718037347,0.8286348826793639,0.8381704278716525,0.7813586011895672,0.8664291621630043,0.8290793519711949,0.8115335450895551,0.8319543471725643,0.7713898704740973,0.7907536761317736,0.701563159723898,0.8505837022859548,0.8516831265873228,0.8632193863959912,0.7943046078059112,0.7962079919946539,0.8952379292603431,0.7471045166529742,0.8654338102058493,0.7674370410526402,0.8429967424257963,0.8227168636723982,0.8476827099040543,0.9056844640479033,0.8582339061433696,0.8858964462278077,0.8441970223148807,0.6701673400931552,0.9247870896843078,0.8801822939588331,0.8134949312819058,0.8292820894150391,0.8029668479549463,0.7553797451165907,0.8116596355639385,0.8061662847247383,0.8133266734900217,0.9403400271222295,0.8692262877649757,0.9209073652382114,0.7926238018744832,0.813552299677722,0.8750942830056908,0.8109791557747941,0.8961843196304339,0.8310985674984852,0.8157869321941873,0.8354724986841486,0.7314039588863707,0.8370872240699809,0.8403728864750486,0.7676376465455794,0.8877344134665844,0.6969172317337995,0.8401056856590009,0.7370070947578233,0.786152792006368,0.7915293475828842,0.8297845260503398,0.8866777965137501,0.6887385402643909,0.9192568711198202,0.8143400064251474,0.7569423379682304,0.8121676831949154,0.7375397425165889,0.7870772110509082,0.8844582955586376,0.7236294577193992,0.74779518371968,0.6901544744878289,0.890317142206828
6,0.6964208811368322,0.8245597773690921,0.6021055563274675,0.7141865691771125,0.697182422066809,0.784164757388351,-2.220446049250313e-16,0.796555549416448,0.5915779869365658,0.7762034807081222,0.6380244503176004,0.6323564997856821,0.8047402368267514,0.7656150503051975,0.8250165002609542,0.7611624613924639,0.6972078768465326,0.8578909512989303,0.7518215180642996,0.6898335949315006,0.6089659828996015,0.8500945129941054,0.7773509076563468,0.6608760809029774,0.7725022078947464,0.8243876146196043,0.9010930065180363,0.8097075007481314,0.8523547903806576,0.8169378862963771,0.6671053106102884,0.7661206214168231,0.8208964953860233,0.7084817767378948,0.7778728073381506,0.7549269714367127,0.6473881884260764,0.7510526417299319,0.7768076535064101,0.7583540222095871,0.7119646582746051,0.7794083939422697,0.7045004445354566,0.6070820147406837,0.5756130518403232,0.6371145216680336,0.5775503147020717,0.579759572219136,0.7286372717069903,0.7552762598198001,0.6586846774284612,0.8008838182094226,0.8218702021368154,0.7074457941637978,0.7938304992918965,0.6927092182818007,0.7418490133265094,0.7299464665783916,0.6286587769606357,0.7481417991206893,0.7567149173710933,0.6081441009508111,0.7040307577222464,0.8727666986728886,0.8625439311564607,0.7883855637103261,0.7225514113709404,0.8777611015908583,0.7092231372765208,0.7970227248848021,0.7290560100555169,0.8173588698439346,0.7649245518455177,0.7610891493450239,0.6864729178253821,0.7227703735053685,0.8010205897890702,0.4701842700100164,0.6779294852288029,0.7630265387510489,0.8799753967428693,0.8080252871930407,0.8304173023437146,0.7157607138969779,0.7101718173395155,0.8379068783156725,0.7903537567985963,0.744623773644385,0.7393660767745888,0.8183543516614245,0.7143022938213041,0.7994992854848627,0.7887671954093777,0.7348264441930328,0.7381012912909894,0.8246689722907661,0.8099734709555072,0.74380405845816,0.7811872222565037,0.8157789389367418
7,0.798387804050228,0.7422230563280554,0.778088417530461,0.725364610401843,0.8122569662871342,0.8297889929509519,0.796555549416448,0.0,0.8302860438628124,0.760134361351517,0.7318518782872414,0.6987963091253555,0.8374289789978767,0.6916758889255255,0.8173874214909024,0.7849842516363228,0.769925640277296,0.9522935746813896,0.8881711056330416,0.8758096757511179,0.8289532291121103,0.6875537245054262,0.8332110941645965,0.8910694780320864,0.8500634755364636,0.7671849057125776,0.8907891060776635,0.8112125761172672,0.8093116630410739,0.8017392221872419,0.6292812443383216,0.8035736751115834,0.7025799657321179,0.8317707595472003,0.8688630657267733,0.7271466589795987,0.8172849884998559,0.9065440022178545,0.9405801880315489,0.7873712314465311,0.7380350142489411,0.8346869631633577,0.7668999246238744,0.828594535015214,0.7187082677089419,0.7721849311398934,0.7389863908342326,0.65889126488904,0.844191286295115,0.814702336085458,0.8120816701715625,0.7381647057919836,0.7918249817032557,0.8061871185941378,0.8115759710707647,0.8809688675273274,0.8770684356834564,0.7800608013767247,0.7430053212620358,0.6719546040153235,0.8349230653392987,0.7356448116261678,0.8082296235950857,0.7808283012933599,0.8863245468669387,0.7996675817882182,0.7717298279882663,0.9014914319976695,0.7127138940512383,0.8455762488512166,0.8940466544463983,0.6857022485149838,0.7559125745547751,0.7143997502364634,0.7296002778607282,0.844829578836075,0.8578413303733154,0.7664321203934074,0.8537813760566448,0.8716037761455286,0.8472049251617995,0.7574767821118191,0.7022254994523958,0.7326262114356048,0.7210403249183786,0.8656770985673266,0.8075406241728282,0.8539121099296181,0.8793937897140381,0.8425545334557084,0.8936973315229958,0.7447216490522331,0.7564993574085807,0.7489279636964992,0.7883068735106402,0.8707431457561766,0.8785496327742305,0.8065493520194462,0.7660644902808527,0.7957984624834127
8,0.792393710024585,0.8822797114229984,0.7754770809647291,0.8416368634542016,0.7876684377999696,0.6850101659462948,0.5915779869365658,0.8302860438628124,-4.440892098500626e-16,0.840433041713149,0.7566956902872318,0.7806568071728606,0.8734269512003004,0.7599399628254578,0.8975673662853481,0.816882861600221,0.7828289406555154,0.9039978365774616,0.7535690992312845,0.7742373093826806,0.6089598100207598,0.7905007580916067,0.7642222483987249,0.7022166386056851,0.8832765610094632,0.8216547657464035,0.9178828545143295,0.8051098153964145,0.8336143068620873,0.8595223371556364,0.7818367742993524,0.8358312871760214,0.7960834587491015,0.7550762165517498,0.8507197516453764,0.8241667496099869,0.7441162736077176,0.8160719909906948,0.7751627948226221,0.8661554186868334,0.7626251576276263,0.8353738572316585,0.7072077331344173,0.8328937291812037,0.6814362628171753,0.7410461404142705,0.7037364959312775,0.7708716109039929,0.927297591476299,0.8741140748573983,0.8413634699674111,0.8995183021202988,0.8013386666666108,0.7614004999070064,0.8198953065157397,0.7235972841149785,0.8269082649682022,0.8437267307414806,0.7461381877261866,0.755551827914661,0.8290233629152494,0.6757199378417655,0.787742457570894,0.7909495116007482,0.8948533111222575,0.8756479247012665,0.8015855926700276,0.9090583344838553,0.7378719576863422,0.8056090158583833,0.8651037815497564,0.8838702620805059,0.7174546482890067,0.7744596461977855,0.7619154410608696,0.844874587263132,0.84043146418585,0.7196483470974508,0.6891538573725892,0.8629768796739776,0.8819586399290333,0.7850563954734244,0.8029648389662907,0.822706558997435,0.7234058098845388,0.7844615344694676,0.7935513401989729,0.8709451501556236,0.757394835983867,0.8401755522590142,0.8009970095769519,0.7954335765103226,0.7360395319795123,0.7992137845338211,0.7890069115056626,0.9058444737466351,0.7410136973496266,0.8072621581406232,0.7602776892003735,0.7232259091824267
9,0.7940295545929397,0.8303531591817624,0.9066933604243574,0.808666049892653,0.9174705745000435,0.7435159660587087,0.7762034807081222,0.760134361351517,0.840433041713149,0.0,0.8479008829885255,0.7492565994574083,0.810453497449555,0.7182107292591757,0.8331937892813831,0.9691102391771251,0.7687166929437702,0.8892193562531144,0.8775900101885374,0.9170913226627575,0.7105760274540569,0.7675348828780003,0.6770735516844031,0.7606484154745976,0.9139865863093021,0.8378828378438095,0.9551157726284865,0.832577296096519,0.8418167240693321,0.8587581214763669,0.782482401625493,0.8586465236383238,0.8977854673385476,0.8379898195659322,0.9282541501559702,0.8367652970459272,0.8775439676254114,0.9078541312918021,0.9110172076207842,0.8831192111101971,0.8092470847677403,0.8226973298223185,0.8981354124855873,0.6851552079054355,0.7576602730252461,0.7234832571198069,0.8089884946041177,0.6941538612105466,0.9488365950625721,0.8274648292017511,0.9001245372586311,0.8312875735197447,0.926578387798311,0.8617086475426411,0.7938591151911101,0.8212654107599939,0.8813968055768321,0.8750119939974621,0.8434858590091088,0.7748669659106235,0.7644892351661922,0.8585856221443245,0.8622970909507164,0.7827063934200954,0.8373556926538929,0.909134429728618,0.8482947921704822,0.9153010955726936,0.68582895117674,0.8212561726871972,0.8405525223855695,0.7756579976494392,0.8067623803227655,0.8235613381867493,0.7583417800860819,0.7706180805036181,0.7674061461022615,0.8416818880571773,0.9177989382415692,0.8740776324151494,0.9298359247359008,0.7472338219231729,0.7448169704768239,0.777945681560466,0.8061388182324376,0.868503758212927,0.8780706246521878,0.9328944051612287,0.8154490569299602,0.8947532162396227,0.7735075617111649,0.7898981138283646,0.8047289560683466,0.738037043714642,0.804586669698048,0.8678795069868123,0.8394679040137694,0.7714462086218823,0.8015481841888112,0.962329698838916
10,0.8125063474428197,0.7733948573628706,0.5434963671086805,0.8171342431320889,0.7563302730668336,0.8313927291820674,0.6380244503176004,0.7318518782872414,0.7566956902872318,0.8479008829885255,0.0,0.7678720122147935,0.9114051930589003,0.7903799480788678,0.8802101639862184,0.7812792921042635,0.7030149823785339,0.9331047144588431,0.8671683470491124,0.8726110801395661,0.8596186232273793,0.7560636083451183,0.7861291803038044,0.7939136180513469,0.6772627049891256,0.8835004145168477,0.9000398516546159,0.8274112981289674,0.7922321521507847,0.5813153226326228,0.8044307226031654,0.6162003340273161,0.7712195002051684,0.6096642324884368,0.6560768350480657,0.7581335296160765,0.6485893157552199,0.7554960278239857,0.8022238125386526,0.8958282616913474,0.8480692087012262,0.8793201606517016,0.7577599986041439,0.7456175323675129,0.5733452986882435,0.8280829701815421,0.8527018418067196,0.6695775849516156,0.6371510966524851,0.7217910765455725,0.7599334347649512,0.8689755706157463,0.7461956667645724,0.7253525941270127,0.8146553077225251,0.6928490824099733,0.804048388737223,0.7219358951696266,0.710860833878164,0.7964141943085263,0.9122223017134444,0.6187806681915748,0.6396960645467711,0.7601081758378706,0.874738013951712,0.85104022741771,0.7473738827686552,0.9018975853114963,0.701301442569316,0.8441780903213301,0.7889107345660347,0.7996489022138353,0.7782998591907653,0.8517127400978167,0.8727904656530332,0.797375735010732,0.7702799758034377,0.7310713378231457,0.8313171735647631,0.7576362656415558,0.9106548087064056,0.8216860074142986,0.8155450454790764,0.784562359339056,0.8311584394068258,0.8148102197714424,0.8024785310173135,0.7613429377017821,0.7669209722473774,0.8074227368340352,0.747297521258222,0.8077710828743312,0.7236440144372882,0.8632485495652354,0.811498526443514,0.9243477379022893,0.8904145886573448,0.731660712348319,0.7945991748967087,0.840201154523724
11,0.5056482807554286,0.7193203196192852,0.7266735780769856,0.601554102148237,0.8045153899679799,0.812870639698576,0.6323564997856821,0.6987963091253555,0.7806568071728606,0.7492565994574083,0.7678720122147935,0.0,0.6631560343756805,0.7694910192721625,0.8839090288760028,0.6905349308183901,0.8123041959681849,0.8048792408063071,0.7256216709334675,0.742451363201732,0.6954310025019808,0.8157779008477206,0.711854215759789,0.7333996762756185,0.7889448729262163,0.8710527504192905,0.8725754312933254,0.8568193764315505,0.7694222340579671,0.828810180962358,0.6957728850344924,0.7879782459832128,0.8708022924072243,0.7655694231814864,0.7142985153827834,0.7598743884074473,0.7704547639526824,0.8280543981728391,0.8125363434207709,0.7985056716652664,0.7088576315537858,0.8048394773679156,0.6018770436494055,0.7744190112427257,0.6726529517691693,0.7974196190646384,0.6511746472002136,0.63463939206206,0.9358706987712099,0.7201588692941042,0.7633438320569204,0.6903311133180046,0.7391224073270803,0.8125366179076907,0.5920866903008399,0.8066444671850356,0.7713819716349744,0.824232865203132,0.6621742625239027,0.5171565254756356,0.8332967403385104,0.7714199812842388,0.8228801589575742,0.6895438801724836,0.7883169404868235,0.7105852493479673,0.7545918385104464,0.9112969820471732,0.61150616061636,0.8609002330814537,0.630047474148547,0.7288200826102362,0.7965915409105444,0.7896873513379359,0.6882134326886512,0.7720474369156197,0.7006101316395947,0.5590092513060165,0.6605075476605556,0.7255229219785954,0.8636840939560037,0.8298376027273777,0.8238700916353414,0.8221970866651609,0.7739017350963199,0.8363043295451149,0.7523924758807937,0.8723289500042763,0.7492286851236148,0.8810223572993976,0.7524199036294241,0.8222532599872052,0.7008639282093876,0.7475981130310563,0.7537756075750441,0.6916194931489065,0.6364101299640279,0.6632743851599274,0.7904035197386344,0.8778208335783616
12,0.8299830138729493,0.8361857627990499,0.8530132784764257,0.8406474705631324,0.8246050638385378,0.8072108934747348,0.8047402368267514,0.8374289789978767,0.8734269512003004,0.810453497449555,0.9114051930589003,0.6631560343756805,9.992007221626409e-16,0.7334530356444979,0.8396576392430731,0.8732191421892593,0.8177463032825664,0.9194596427695995,0.6709415112457562,0.8466685871564024,0.7626784627239807,0.8220734131000464,0.7697687501460868,0.7298138283825547,0.894790313974737,0.7908747425560512,0.8997769817020189,0.8140387509695883,0.7323127490865884,0.9327806549448877,0.8322715553671788,0.8768120968001324,0.8220797332108182,0.8545106703806948,0.8067279328224244,0.8510293874429602,0.8886591354015462,0.8667454379206865,0.8427143582997136,0.9216678671693562,0.6798836056906459,0.8353005538464234,0.8848619198689618,0.6241035743902741,0.8460170259163131,0.7988851455126996,0.8440385422259546,0.7932692847791265,0.963994574740021,0.8057642465772121,0.9165839579917748,0.778148829270555,0.854796688674421,0.8338234087762793,0.42847723806413485,0.8428769950414075,0.8478848528232887,0.9078193340378501,0.7275139373368588,0.6007090122357517,0.8387826472019749,0.775542545607891,0.849986877649561,0.7337172525929065,0.8528117614472153,0.934905935956175,0.8765328349397814,0.9044296564474057,0.7437810742396693,0.8889460736778054,0.9086655673124534,0.861776574822951,0.8752290666942875,0.7850629723636109,0.8540236165979389,0.8539765168885636,0.7275762126771658,0.780312998776318,0.8143661004704752,0.8489044944088784,0.9314605391313846,0.8538080804928097,0.8877669214184172,0.7850572761248986,0.784928904208845,0.8146904139260589,0.7993934136796286,0.9300953527500193,0.8358908191256516,0.9012117051226114,0.7331929003669498,0.8128118596428976,0.7291942881480025,0.8177932031261352,0.7606422211460949,0.7906659565537217,0.4357522621088237,0.568288434461,0.6798346861571113,0.8864186941095361
13,0.882415748840992,0.8604064771372194,0.8232597075009327,0.7008280377245043,0.668905547775308,0.7498921513617277,0.7656150503051975,0.6916758889255255,0.7599399628254578,0.7182107292591757,0.7903799480788678,0.7694910192721625,0.7334530356444979,-2.220446049250313e-16,0.823381846191012,0.7919370643891304,0.7295458037297056,0.8989234790137898,0.7434000521302251,0.8447722289522888,0.7497403008428316,0.7185582978931224,0.6622048551862205,0.6690904441981942,0.8810398084179762,0.49014184785575987,0.9243987599160922,0.8612201467506749,0.7672472380244996,0.8762735086561682,0.7090437969171494,0.8225145639586825,0.6321525882992809,0.7801979551446236,0.8384510944444071,0.7135183824193996,0.8765460978781795,0.8835422197109213,0.8591252231626881,0.8800093561785883,0.7425292709388798,0.7249988403604846,0.7678956226844973,0.6477628096327143,0.7867059351501587,0.7814111835636695,0.7664921106745491,0.7037171586410238,0.9089822889544291,0.7503970198447842,0.8698905844728161,0.8183097092931115,0.8353707687131204,0.8305614484253439,0.7335919946308054,0.8628938734019481,0.8518314145603889,0.8638123343361103,0.7779974244269254,0.7644752641021525,0.8657257313052709,0.7247181684201781,0.7861244722441053,0.702353715182193,0.8461413814195565,0.8911540672575385,0.7158662762917389,0.8869781941266438,0.6326833993619233,0.9030404402568002,0.7907150579480215,0.793689887952562,0.7513439257130947,0.7219475031209182,0.7324640029867773,0.6892920938274398,0.6607527925701906,0.7697181960454496,0.8478147260880806,0.7978633699853028,0.8343516313844384,0.8851096906872022,0.8034613329871891,0.6092257178145986,0.763945476499456,0.7623183820420737,0.6728698309612453,0.8857781317235105,0.837039610023481,0.825366475196745,0.7033738939269403,0.6946718418482676,0.7723433566137702,0.6524576973993217,0.5737792418168359,0.721177718902076,0.8070041414450038,0.6252538017439759,0.6672923072031114,0.8149087706809011
14,0.8327185883208942,0.8426002996470904,0.8909107132513794,0.9177479445834251,0.8229538280056241,0.8954803666595147,0.8250165002609542,0.8173874214909024,0.8975673662853481,0.8331937892813831,0.8802101639862184,0.8839090288760028,0.8396576392430731,0.823381846191012,-2.220446049250313e-16,0.8116792686253274,0.840687656492799,0.9502263622001776,0.8492478162093391,0.8045376355706024,0.8964710558449615,0.7848376160266058,0.8397249773630137,0.7668584682212339,0.8573403926383414,0.8956085529301612,0.9523821287724241,0.8170991561199181,0.7955729447420787,0.949535690757895,0.679321533963873,0.9042471524759386,0.8766961083443815,0.8059051509764459,0.8118281524748243,0.8535858878076852,0.7799681358449395,0.893726558472986,0.8945902762677054,0.9085773748322455,0.884535279566676,0.8233081823102876,0.8765114422997785,0.8708946766311767,0.9072217549628916,0.865216502359215,0.8935319807937977,0.806856795912393,0.9515899170163791,0.8987545466198537,0.8397930134982843,0.8968653127395917,0.9162333859329913,0.8978125727232831,0.7865065824268535,0.9059753905276657,0.9604748507924774,0.8406656997300473,0.9346769311150671,0.8573228654765739,0.9098201856658,0.8212895494655476,0.8848262742110033,0.8109783651818183,0.9315629147738708,0.918273389318936,0.7902990761296,0.8848353127217986,0.890532227232114,0.9022754789046625,0.9359415415051956,0.854619355024475,0.8476345932958493,0.7755911436199756,0.8922848480449108,0.8173107251815493,0.8210589465688992,0.8862935076932188,0.9168224749907499,0.9150673880560598,0.782203505346579,0.8414644128829488,0.8304779534351878,0.7622120862225776,0.8163966125201314,0.7998502623473576,0.7544039645958045,0.9364063710654228,0.8930018626604229,0.8943413057088677,0.8663184872885821,0.7476729821918293,0.8851202092351177,0.895837010468999,0.7592908382884485,0.9327982265476815,0.8069004619901401,0.7749255976600097,0.8862166072040216,0.9708730967910122
15,0.7085949125803759,0.8086272781766872,0.9010867610222495,0.6505525183122816,0.8141173438270592,0.9148459731865206,0.7611624613924639,0.7849842516363228,0.816882861600221,0.9691102391771251,0.7812792921042635,0.6905349308183901,0.8732191421892593,0.7919370643891304,0.8116792686253274,-2.220446049250313e-16,0.9152445140405273,0.9398023275013598,0.7499440434125416,0.7827673001076906,0.8648504875929584,0.7095687851778025,0.8608963692176133,0.7824620406575361,0.8660908899817442,0.8198170371240279,0.9153786909289752,0.8845846735919735,0.7972129817140384,0.9539897834722172,0.6475566852330945,0.8709703474195759,0.8448629428912096,0.817699407386606,0.7614012631403538,0.7652167567230823,0.8364084733393817,0.8827630422135266,0.8780712952285187,0.7513953603871959,0.8538982624304173,0.8555488449776771,0.6853986763529474,0.8788557438160235,0.7621847277482744,0.7969296120559359,0.9071070308549415,0.8283782137264533,0.9685336436940384,0.9046970183647183,0.7362044106227353,0.6995385778148665,0.7987846042716183,0.8759505680818315,0.8604754035968514,0.8129771198336171,0.8305110163814788,0.8749731419228021,0.9273470304626179,0.7699430103099877,0.8389989689400237,0.7215135858928599,0.759398281671047,0.850771484832305,0.7909963431268441,0.8750837254068571,0.7059907958355531,0.8790233563610153,0.7078942448637923,0.9285296738322534,0.6689727741329012,0.8715495766799524,0.858931288935109,0.7827860185959779,0.8753010619050854,0.7593022738373792,0.84161682290636,0.8277352800609383,0.8664888664644365,0.7545728512584151,0.9022835576370506,0.8731887713756418,0.8868889281516138,0.8297611474450538,0.8825944540903716,0.899214124998058,0.8087419996685126,0.8739469352747424,0.7969972896626059,0.9263940700739821,0.7559587653869131,0.8930619196148061,0.8510101290087059,0.8799691302327606,0.7806754794020003,0.6871121469803043,0.9031035338265386,0.7762270555712396,0.8238463206527904,0.8075315286842832
16,0.8624883397679747,0.8129112719763614,0.7948757998914284,0.8478646812670836,0.8350986182426827,0.8436470815022816,0.6972078768465326,0.769925640277296,0.7828289406555154,0.7687166929437702,0.7030149823785339,0.8123041959681849,0.8177463032825664,0.7295458037297056,0.840687656492799,0.9152445140405273,-2.220446049250313e-16,0.8957172854306765,0.7732392603489353,0.8357494527694876,0.6797005168910557,0.8106338299021698,0.7774445839302112,0.7640379315249481,0.7605845772956861,0.8041851021623991,0.8221183312322078,0.7624664780829449,0.830074530660267,0.8460898959095732,0.7404502583407948,0.7300404815919481,0.7535673382688278,0.7977411354418386,0.8579091392173631,0.8284872558636465,0.6792255681172008,0.8036793662238443,0.8297269318365645,0.7586487177942737,0.8574752412049562,0.749892350982492,0.8171211619019276,0.7483799013152823,0.763086972940813,0.7434075938723894,0.719201785109953,0.6533740990996828,0.7040749687187222,0.8497417825339487,0.7630466591402468,0.8716244155811846,0.863053906791981,0.7808976490377093,0.8568084149015787,0.7892854291870197,0.9102960124175106,0.6912857173297887,0.8268404032776708,0.8305441556943924,0.7519788997522261,0.7425944759327089,0.7748713247956561,0.856633780534749,0.8487080125672478,0.8138863413259997,0.7534164491111556,0.8221217529200221,0.7062316444739971,0.8406413153228718,0.8523548027862695,0.8227419109591212,0.7278894699764651,0.7785276445115847,0.6804630852658897,0.7893077258180726,0.8250105173870173,0.7627265768446305,0.8857056885833616,0.8929940893522847,0.815293982596416,0.770085878893241,0.8045970999640406,0.7108775907993077,0.6956458052893641,0.7001177527136518,0.8349755881350416,0.8800695263093204,0.7973939251435405,0.8036458413241245,0.6574101262789542,0.8256401205838018,0.8728644866942802,0.6958296498481867,0.7877049724377623,0.8173760066166258,0.8737707506186835,0.773142611822533,0.7081187283330574,0.7976921203399665
17,0.7817565701251064,0.8158138820420479,0.9242708033010697,0.9157272197696592,0.843354122662087,0.9018838288800762,0.8578909512989303,0.9522935746813896,0.9039978365774616,0.8892193562531144,0.9331047144588431,0.8048792408063071,0.9194596427695995,0.8989234790137898,0.9502263622001776,0.9398023275013598,0.8957172854306765,-2.220446049250313e-16,0.8985108659412082,0.9389518229892808,0.8748568359262894,0.9276197973917141,0.8674179013514376,0.9263499686392231,0.8458515549745849,0.9126236352192887,0.9618826559557119,0.9372139522802945,0.8776510928654807,0.7985467723081974,0.9222893862042013,0.7273680748832986,0.9374780471903532,0.9330221549696156,0.9232308065988889,0.7385013102456832,0.8399095312125536,0.875692826096524,0.9455377773858017,0.9516773014334641,0.9201255542110643,0.8729584716219597,0.8684482113813469,0.9152368027497723,0.825771899652982,0.9017863076518008,0.8644327374482431,0.8377585366362542,0.9313550173465287,0.8643333798338063,0.946168767868685,0.9155647424050776,0.9326842775977271,0.933980048082186,0.9254684759077862,0.8169303338716702,0.9578800115108098,0.9334085570121704,0.8841898510962432,0.8531995292898932,0.9129361176850059,0.9205789707880339,0.945129210582379,0.9006430489424231,0.9246502480387797,0.9547068486856237,0.8964655655142983,0.9699425201274667,0.9196224821147702,0.8758229292726285,0.9012324431474362,0.9121742065820594,0.8306335993137262,0.9232341041258268,0.6989645662576052,0.9205042303833765,0.9277221895587987,0.7584907292845938,0.8460809371807616,0.9502889471830177,0.9638888668898897,0.8832869884542521,0.9542744275835215,0.9066380054082999,0.8880255291542751,0.93521861963051,0.8711362089203635,0.5825792361842941,0.921506298240842,0.6276225848605064,0.7985388229700248,0.9523083497960169,0.9385877931498402,0.8563152775231642,0.9258357460341187,0.8714325152440207,0.9403638409932363,0.8732458781094656,0.9237735504743082,0.9354608662824344
18,0.8351340085603455,0.7933884559276495,0.8524761866519754,0.7821760121166903,0.6472382357113095,0.8075836405755816,0.7518215180642996,0.8881711056330416,0.7535690992312845,0.8775900101885374,0.8671683470491124,0.7256216709334675,0.6709415112457562,0.7434000521302251,0.8492478162093391,0.7499440434125416,0.7732392603489353,0.8985108659412082,0.0,0.8796543481310481,0.8220148695528902,0.8345434958950946,0.768076357092819,0.8353914091263591,0.7778228598622526,0.7483818021867785,0.9097976092536911,0.771852923172334,0.8307877817702746,0.8782102843001605,0.8239102687343446,0.8230979492535291,0.8843664961128169,0.8034530295004764,0.7616411341619528,0.6936306253957565,0.8177099242778727,0.7944228647375844,0.7936599626536981,0.6700914338453281,0.7785006334377396,0.8849215715613701,0.8068131797200884,0.7706942943872114,0.8431793552675362,0.8372703258699518,0.8157139394354728,0.7846421752157885,0.937200816992124,0.8037280714837503,0.8485687567745184,0.7926582021508162,0.7727608119933973,0.7933945576090582,0.7889901461445131,0.7893990250232156,0.8581875561507297,0.847438508147041,0.7981140908546609,0.8239567931363753,0.8640256343087106,0.7603631312217263,0.7445403245402854,0.7508398701461371,0.9421162362186027,0.9175767146250544,0.7767326642409155,0.9232796184530061,0.788944776485329,0.8871951400555615,0.8637820677836773,0.7561414624362408,0.8288427863584684,0.7759211527156975,0.8121234985887302,0.8070969324703157,0.6895731282452711,0.7793647137823945,0.8111928489904272,0.7230987167506454,0.9116325717096319,0.876742560373951,0.876932846440374,0.7593944730475666,0.7608216434080977,0.8009559224797478,0.7496708776277956,0.8927701685038476,0.7323334319890562,0.8524520514945114,0.7548672327176646,0.7420543080213057,0.8190254196645332,0.7579733603915982,0.7889424167289545,0.7393609862986156,0.6712925667239333,0.6104330759160712,0.787431690943365,0.915938477270533
19,0.8255143813566326,0.9122227979986944,0.8040040736806116,0.9645514710024743,0.8382061517268851,0.7717634327308744,0.6898335949315006,0.8758096757511179,0.7742373093826806,0.9170913226627575,0.8726110801395661,0.742451363201732,0.8466685871564024,0.8447722289522888,0.8045376355706024,0.7827673001076906,0.8357494527694876,0.9389518229892808,0.8796543481310481,0.0,0.7953721595280394,0.8223546250471855,0.8534718806463171,0.7730408620794744,0.8330468746926973,0.9326263868610396,0.9471191434085408,0.911952428122516,0.8824952052888825,0.8129375128064853,0.6398960153546184,0.7830361401240893,0.9414777804109754,0.7281918416728645,0.8434406536829641,0.8540478976094308,0.8396214569342125,0.8552670569973575,0.7215173115516064,0.9561543366344238,0.8533002357048938,0.9388560067951242,0.7404266686829067,0.8803640119114728,0.7871783579383487,0.8058582891683501,0.8673739698143142,0.7727719900661161,0.8908633484838187,0.7685617827509648,0.7294704926439257,0.8683142837355782,0.9073855007644382,0.7948553449027125,0.9450753750999619,0.7537700755414478,0.835858418436954,0.8263886092197141,0.8165040946547677,0.8541041067120059,0.8154788775415661,0.8572773350197345,0.818440714949249,0.8141123260780295,0.9110389723741671,0.9221328526304251,0.8444365509237544,0.9112883426394338,0.8564185134650817,0.89807066185579,0.8355875550453291,0.9143687022570971,0.8833105738720283,0.810732536694879,0.8711910260155965,0.901504272958816,0.8530444890919842,0.8538149590203254,0.8050423611355035,0.9284814799242237,0.8334887265616124,0.9130552714096067,0.9159612196832091,0.9400445374213762,0.8189511096912763,0.8767779032183802,0.8804957389237706,0.8916511076851261,0.7152258854613144,0.8774966545626379,0.7830109847944013,0.8929276913290065,0.9482647484919968,0.9243623040099794,0.8345213141813397,0.7372105582370663,0.8759796670370109,0.7406049220272877,0.8407412165601671,0.9184204794780565
20,0.7058175662676089,0.8423981796523791,0.8464214742420154,0.7653793586345297,0.788356132238778,0.7701125417696872,0.6089659828996015,0.8289532291121103,0.6089598100207598,0.7105760274540569,0.8596186232273793,0.6954310025019808,0.7626784627239807,0.7497403008428316,0.8964710558449615,0.8648504875929584,0.6797005168910557,0.8748568359262894,0.8220148695528902,0.7953721595280394,-4.440892098500626e-16,0.7876885076823206,0.6977268955692362,0.7438418939632967,0.872305197615773,0.8604870032175205,0.8528942175879122,0.85159002745545,0.7830750608508298,0.8836409305711294,0.7887308728856889,0.8532150312291464,0.8061073347958339,0.8426058287099829,0.824270614580948,0.7620805200159471,0.7347518502560462,0.8371136692775545,0.8195364469225742,0.8348590336934993,0.7436431417751255,0.7272803467144281,0.7348171507215553,0.807499181626281,0.6945090248315984,0.6983295602973443,0.7730990018900864,0.7539558458967732,0.9433997998907069,0.825904823020934,0.8782839166509602,0.8408656116923184,0.8478130557927067,0.7280385514407264,0.8131396965387238,0.7408993270940196,0.7761457089738883,0.8957832601915228,0.6637068164806548,0.7031129837767953,0.7525386913857618,0.704509819116883,0.8205439209455703,0.8414938287745208,0.7910755636386346,0.8611161733646951,0.8824846844724833,0.9204519501109908,0.7512774818564818,0.7812909709779402,0.7995664685802966,0.8393445751555814,0.8051516288701892,0.7467289979124923,0.7685551944011337,0.7786047972660022,0.8112239530106817,0.7345775797246832,0.7642153363685678,0.7653219185512987,0.7787806695410531,0.7172252403485203,0.806983383855441,0.7678101833825266,0.656799314996527,0.6913879462755412,0.7922787046858761,0.8513351132808762,0.7802174757966374,0.8730208989061599,0.718620985467775,0.781358049175632,0.7969057438904434,0.8019640606932527,0.7593831057739976,0.7279608605909703,0.8211206607118474,0.7113635842322981,0.7378624640052134,0.8294175089155467
